0.002144
0.002225
0.002311
0.002401
0.002497
0.002597
0.002703
0.002815
0.002933
0.003057
0.003189
0.003328
0.003474
0.003629
0.003793
0.003966
0.004148
0.004341
0.004545
0.004760
0.004987
0.005228
0.005481
0.005749
0.006032
0.006331
0.006646
0.006979
0.007330
0.007700
0.008091
0.008502
0.008936
0.009393
0.009874
0.010380
0.010913
0.011473
0.012062
0.012680
0.013329
0.014011
0.014725
0.015474
0.016259
0.017080
0.017939
0.018837
0.019775
0.020753
0.021774
0.022838
0.023946
0.025098
0.026296
0.027540
0.028831
0.030168
0.031553
0.032986
0.034466
0.035994
0.037569
0.039191
0.040859
0.042573
0.044331
0.046132
0.047976
0.049860
0.051782
0.053740
0.055732
0.057756
0.059808
0.061886
0.063986
0.066104
0.068237
0.070381
0.072531
0.074684
0.076834
0.078977
0.081108
0.083221
0.085312
0.087375
0.089406
0.091397
0.093346
0.095245
0.097089
0.098875
0.100595
0.102246
0.103823
0.105320
0.106735
0.108061
0.109296
0.110436
0.111478
0.112419
0.113256
0.113986
0.114608
0.115120
0.115522
0.115811
0.115988
0.116052
0.116004
0.115844
0.115573
0.115192
0.114703
0.114108
0.113408
0.112607
0.111706
0.110710
0.109620
0.108441
0.107176
0.105829
0.104403
0.102903
0.101334
0.099699
0.098003
0.096250
0.094445
0.092592
0.090697
0.088763
0.086796
0.084800
0.082779
0.080738
0.078681
0.076613
0.074538
0.072460
0.070382
0.068310
0.066245
0.064192
0.062155
0.060136
0.058138
0.056164
0.054217
0.052299
0.050413
0.048561
0.046743
0.044963
0.043222
0.041520
0.039859
0.038241
0.036666
0.035134
0.033646
0.032202
0.030803
0.029449
0.028140
0.026875
0.025654
0.024477
0.023343
0.022252
0.021203
0.020195
0.019228
0.018301
0.017413
0.016563
0.015749
0.014972
0.014229
0.013520
0.012845
0.012201
0.011587
0.011003
0.010448
0.009920
0.009418
0.008942
0.008490
0.008061
0.007654
0.007269
0.006904
0.006559
0.006231
0.005922