0.025644
0.025893
0.026141
0.026390
0.026639
0.026887
0.027136
0.027384
0.027632
0.027880
0.028128
0.028376
0.028624
0.028872
0.029119
0.029367
0.029615
0.029863
0.030111
0.030359
0.030608
0.030857
0.031107
0.031357
0.031607
0.031859
0.032111
0.032364
0.032619
0.032875
0.033132
0.033391
0.033651
0.033914
0.034179
0.034446
0.034716
0.034989
0.035265
0.035544
0.035827
0.036114
0.036406
0.036702
0.037004
0.037310
0.037623
0.037942
0.038267
0.038599
0.038939
0.039287
0.039643
0.040008
0.040382
0.040766
0.041161
0.041566
0.041982
0.042410
0.042850
0.043303
0.043769
0.044248
0.044740
0.045247
0.045767
0.046302
0.046851
0.047415
0.047993
0.048584
0.049189
0.049808
0.050439
0.051081
0.051735
0.052397
0.053068
0.053746
0.054429
0.055114
0.055801
0.056486
0.057166
0.057840
0.058505
0.059156
0.059792
0.060408
0.061001
0.061568
0.062106
0.062610
0.063078
0.063507
0.063893
0.064233
0.064525
0.064766
0.064954
0.065087
0.065164
0.065184
0.065146
0.065049
0.064895
0.064682
0.064412
0.064087
0.063707
0.063274
0.062790
0.062258
0.061681
0.061060
0.060399
0.059701
0.058968
0.058204
0.057412
0.056595
0.055757
0.054899
0.054025
0.053138
0.052241
0.051336
0.050425
0.049512
0.048597
0.047683
0.046773
0.045866
0.044966
0.044074
0.043190
0.042317
0.041454
0.040603
0.039764
0.038939
0.038127
0.037329
0.036546
0.035778
0.035024
0.034286
0.033563
0.032854
0.032161
0.031483
0.030820
0.030171
0.029537
0.028917
0.028311
0.027719
0.027140
0.026575
0.026022
0.025482
0.024955
0.024440
0.023936
0.023444
0.022962
0.022492
0.022032
0.021583
0.021143
0.020713
0.020292
0.019881
0.019478
0.019084
0.018698
0.018321
0.017951
0.017589
0.017235
0.016888
0.016548
0.016214
0.015888
0.015568
0.015254
0.014947
0.014645
0.014350
0.014060
0.013776
0.013497
0.013223
0.012955
0.012692
0.012434
0.012181
0.011932
0.011689