0.005840
0.005931
0.006025
0.006120
0.006217
0.006315
0.006416
0.006519
0.006625
0.006733
0.006843
0.006957
0.007073
0.007193
0.007316
0.007443
0.007574
0.007709
0.007849
0.007994
0.008144
0.008299
0.008461
0.008629
0.008803
0.008986
0.009176
0.009374
0.009581
0.009798
0.010025
0.010263
0.010513
0.010775
0.011050
0.011339
0.011643
0.011962
0.012299
0.012653
0.013026
0.013420
0.013834
0.014270
0.014731
0.015216
0.015727
0.016266
0.016834
0.017432
0.018063
0.018727
0.019426
0.020161
0.020935
0.021748
0.022603
0.023500
0.024442
0.025430
0.026465
0.027549
0.028683
0.029868
0.031107
0.032398
0.033745
0.035146
0.036604
0.038118
0.039689
0.041316
0.043000
0.044740
0.046535
0.048384
0.050287
0.052240
0.054243
0.056293
0.058387
0.060522
0.062695
0.064901
0.067138
0.069400
0.071682
0.073979
0.076286
0.078597
0.080905
0.083204
0.085488
0.087749
0.089981
0.092177
0.094329
0.096431
0.098474
0.100452
0.102358
0.104184
0.105925
0.107574
0.109124
0.110569
0.111905
0.113126
0.114228
0.115206
0.116057
0.116777
0.117364
0.117815
0.118130
0.118308
0.118347
0.118248
0.118011
0.117639
0.117132
0.116492
0.115724
0.114828
0.113810
0.112673
0.111422
0.110061
0.108595
0.107030
0.105371
0.103625
0.101796
0.099891
0.097917
0.095880
0.093786
0.091641
0.089453
0.087226
0.084969
0.082686
0.080384
0.078068
0.075746
0.073421
0.071100
0.068787
0.066487
0.064206
0.061947
0.059714
0.057512
0.055343
0.053212
0.051120
0.049071
0.047067
0.045110
0.043201
0.041343
0.039537
0.037783
0.036083
0.034437
0.032846
0.031309
0.029827
0.028399
0.027025
0.025705
0.024437
0.023222
0.022058
0.020943
0.019878
0.018861
0.017891
0.016965
0.016084
0.015245
0.014448
0.013690
0.012971
0.012289
0.011642
0.011029
0.010449
0.009900
0.009381
0.008890
0.008427
0.007989
0.007576
0.007186
0.006819
0.006472
0.006146
0.005838
0.005549