0.001366
0.001401
0.001438
0.001475
0.001514
0.001554
0.001596
0.001639
0.001684
0.001730
0.001778
0.001827
0.001879
0.001932
0.001988
0.002045
0.002105
0.002167
0.002232
0.002299
0.002369
0.002441
0.002517
0.002595
0.002677
0.002762
0.002851
0.002943
0.003040
0.003140
0.003245
0.003354
0.003468
0.003587
0.003711
0.003841
0.003976
0.004118
0.004266
0.004421
0.004583
0.004752
0.004929
0.005114
0.005308
0.005511
0.005723
0.005946
0.006179
0.006423
0.006678
0.006946
0.007226
0.007520
0.007828
0.008151
0.008489
0.008843
0.009214
0.009603
0.010010
0.010437
0.010884
0.011351
0.011841
0.012354
0.012890
0.013451
0.014038
0.014651
0.015292
0.015962
0.016660
0.017390
0.018150
0.018942
0.019768
0.020627
0.021521
0.022450
0.023415
0.024416
0.025455
0.026531
0.027645
0.028797
0.029987
0.031216
0.032483
0.033788
0.035132
0.036513
0.037931
0.039385
0.040875
0.042401
0.043960
0.045551
0.047175
0.048828
0.050510
0.052219
0.053954
0.055712
0.057491
0.059290
0.061105
0.062936
0.064779
0.066632
0.068492
0.070356
0.072222
0.074086
0.075945
0.077797
0.079637
0.081463
0.083271
0.085058
0.086819
0.088551
0.090250
0.091913
0.093535
0.095113
0.096642
0.098120
0.099541
0.100902
0.102199
0.103429
0.104587
0.105671
0.106677
0.107601
0.108441
0.109193
0.109855
0.110425
0.110901
0.111279
0.111560
0.111740
0.111820
0.111799
0.111675
0.111449
0.111121
0.110692
0.110162
0.109532
0.108804
0.107980
0.107062
0.106052
0.104952
0.103766
0.102496
0.101147
0.099721
0.098223
0.096656
0.095025
0.093334
0.091587
0.089789
0.087944
0.086057
0.084132
0.082175
0.080190
0.078181
0.076153
0.074111
0.072059
0.070001
0.067941
0.065884
0.063834
0.061794
0.059767
0.057758
0.055770
0.053805
0.051866
0.049956
0.048078
0.046234
0.044426
0.042655
0.040924
0.039233
0.037584
0.035979
0.034418
0.032901
0.031430
0.030004
0.028625