0.029191
0.030053
0.030889
0.031697
0.032472
0.033211
0.033912
0.034572
0.035187
0.035756
0.036276
0.036745
0.037161
0.037523
0.037830
0.038082
0.038276
0.038414
0.038496
0.038522
0.038493
0.038410
0.038276
0.038092
0.037860
0.037582
0.037263
0.036904
0.036509
0.036082
0.035627
0.035147
0.034646
0.034129
0.033601
0.033065
0.032526
0.031988
0.031457
0.030936
0.030431
0.029944
0.029482
0.029048
0.028645
0.028280
0.027954
0.027672
0.027438
0.027254
0.027125
0.027053
0.027041
0.027091
0.027207
0.027390
0.027643
0.027966
0.028362
0.028832
0.029376
0.029995
0.030688
0.031457
0.032300
0.033215
0.034202
0.035258
0.036381
0.037568
0.038814
0.040116
0.041469
0.042866
0.044304
0.045773
0.047268
0.048781
0.050303
0.051826
0.053340
0.054838
0.056308
0.057742
0.059130
0.060462
0.061730
0.062924
0.064036
0.065059
0.065984
0.066807
0.067522
0.068123
0.068609
0.068976
0.069222
0.069349
0.069357
0.069247
0.069023
0.068689
0.068249
0.067708
0.067073
0.066350
0.065546
0.064669
0.063726
0.062725
0.061673
0.060577
0.059446
0.058286
0.057105
0.055907
0.054700
0.053489
0.052280
0.051076
0.049883
0.048705
0.047544
0.046404
0.045288
0.044198
0.043136
0.042104
0.041104
0.040137
0.039205
0.038307
0.037446
0.036622
0.035835
0.035086
0.034376
0.033704
0.033072
0.032478
0.031924
0.031409
0.030933
0.030496
0.030099
0.029740
0.029419
0.029137
0.028892
0.028684
0.028513
0.028377
0.028276
0.028210
0.028177
0.028175
0.028205
0.028265
0.028354
0.028470
0.028613
0.028779
0.028969
0.029181
0.029412
0.029662
0.029929
0.030210
0.030504
0.030810
0.031125
0.031447
0.031776
0.032108
0.032442
0.032776
0.033109
0.033438
0.033762
0.034079
0.034387
0.034684
0.034969
0.035241
0.035497
0.035736
0.035958
0.036160
0.036341
0.036500
0.036636
0.036748
0.036836
0.036897
0.036932
0.036940
0.036921
0.036873
0.036798
0.036693