0.004511
0.004726
0.004952
0.005189
0.005439
0.005700
0.005975
0.006263
0.006566
0.006883
0.007215
0.007564
0.007928
0.008311
0.008710
0.009129
0.009566
0.010023
0.010501
0.011000
0.011520
0.012064
0.012630
0.013220
0.013835
0.014474
0.015140
0.015832
0.016551
0.017298
0.018073
0.018876
0.019709
0.020572
0.021465
0.022388
0.023343
0.024329
0.025346
0.026395
0.027476
0.028589
0.029734
0.030911
0.032120
0.033361
0.034633
0.035936
0.037270
0.038634
0.040027
0.041449
0.042898
0.044375
0.045877
0.047404
0.048954
0.050526
0.052119
0.053731
0.055360
0.057005
0.058663
0.060332
0.062011
0.063696
0.065387
0.067079
0.068772
0.070461
0.072144
0.073819
0.075483
0.077132
0.078764
0.080375
0.081962
0.083523
0.085054
0.086551
0.088011
0.089432
0.090809
0.092140
0.093421
0.094649
0.095821
0.096934
0.097984
0.098969
0.099886
0.100732
0.101505
0.102202
0.102821
0.103360
0.103817
0.104190
0.104479
0.104681
0.104796
0.104823
0.104762
0.104613
0.104377
0.104053
0.103642
0.103147
0.102567
0.101905
0.101163
0.100343
0.099447
0.098478
0.097440
0.096334
0.095166
0.093937
0.092651
0.091312
0.089925
0.088491
0.087016
0.085504
0.083957
0.082379
0.080775
0.079149
0.077502
0.075840
0.074165
0.072481
0.070791
0.069097
0.067404
0.065712
0.064026
0.062347
0.060678
0.059021
0.057378
0.055750
0.054141
0.052551
0.050981
0.049434
0.047910
0.046411
0.044938
0.043491
0.042071
0.040680
0.039317
0.037984
0.036680
0.035407
0.034163
0.032950
0.031768
0.030617
0.029496
0.028406
0.027347
0.026318
0.025319
0.024350
0.023411
0.022501
0.021620
0.020767
0.019942
0.019145
0.018376
0.017632
0.016915
0.016223
0.015557
0.014914
0.014296
0.013700
0.013128
0.012577
0.012047
0.011539
0.011050
0.010582
0.010132
0.009700
0.009287
0.008890
0.008510
0.008147
0.007798
0.007465
0.007146
0.006841
0.006550
0.006271
0.006005
0.005750