0.005573
0.005730
0.005893
0.006062
0.006237
0.006419
0.006608
0.006805
0.007010
0.007222
0.007444
0.007674
0.007914
0.008164
0.008424
0.008695
0.008978
0.009273
0.009580
0.009900
0.010235
0.010584
0.010948
0.011327
0.011724
0.012137
0.012569
0.013019
0.013490
0.013980
0.014492
0.015026
0.015584
0.016165
0.016771
0.017403
0.018062
0.018748
0.019463
0.020208
0.020983
0.021790
0.022629
0.023501
0.024407
0.025349
0.026326
0.027340
0.028391
0.029481
0.030609
0.031776
0.032983
0.034230
0.035518
0.036846
0.038215
0.039624
0.041074
0.042565
0.044095
0.045664
0.047272
0.048917
0.050598
0.052314
0.054064
0.055846
0.057657
0.059496
0.061361
0.063247
0.065154
0.067077
0.069013
0.070959
0.072911
0.074864
0.076815
0.078759
0.080691
0.082606
0.084500
0.086367
0.088202
0.089999
0.091753
0.093459
0.095110
0.096702
0.098228
0.099684
0.101064
0.102364
0.103578
0.104702
0.105732
0.106663
0.107493
0.108217
0.108834
0.109340
0.109735
0.110017
0.110184
0.110236
0.110174
0.109998
0.109709
0.109309
0.108799
0.108181
0.107459
0.106636
0.105715
0.104699
0.103592
0.102399
0.101124
0.099772
0.098347
0.096854
0.095298
0.093683
0.092015
0.090299
0.088539
0.086739
0.084906
0.083044
0.081156
0.079249
0.077325
0.075390
0.073446
0.071500
0.069553
0.067610
0.065674
0.063749
0.061837
0.059942
0.058066
0.056213
0.054383
0.052581
0.050807
0.049063
0.047352
0.045675
0.044033
0.042428
0.040860
0.039331
0.037840
0.036390
0.034980
0.033610
0.032281
0.030993
0.029746
0.028540
0.027374
0.026248
0.025162
0.024115
0.023107
0.022137
0.021203
0.020307
0.019446
0.018620
0.017828
0.017069
0.016342
0.015646
0.014981
0.014345
0.013737
0.013156
0.012602
0.012073
0.011569
0.011088
0.010629
0.010192
0.009776
0.009380
0.009002
0.008643
0.008301
0.007975
0.007666
0.007371
0.007090
0.006824
0.006570
0.006328
0.006098
0.005879