0.019852
0.020237
0.020627
0.021020
0.021417
0.021819
0.022224
0.022634
0.023047
0.023464
0.023885
0.024309
0.024737
0.025169
0.025604
0.026042
0.026484
0.026929
0.027378
0.027829
0.028284
0.028742
0.029203
0.029667
0.030134
0.030603
0.031076
0.031551
0.032029
0.032509
0.032993
0.033478
0.033967
0.034458
0.034952
0.035448
0.035947
0.036449
0.036953
0.037460
0.037970
0.038482
0.038998
0.039516
0.040038
0.040562
0.041090
0.041621
0.042156
0.042694
0.043237
0.043783
0.044334
0.044890
0.045450
0.046015
0.046585
0.047161
0.047743
0.048330
0.048925
0.049526
0.050133
0.050749
0.051371
0.052002
0.052641
0.053288
0.053944
0.054608
0.055281
0.055963
0.056654
0.057353
0.058061
0.058776
0.059500
0.060230
0.060967
0.061710
0.062456
0.063206
0.063957
0.064708
0.065456
0.066201
0.066939
0.067667
0.068384
0.069086
0.069769
0.070430
0.071066
0.071673
0.072248
0.072785
0.073282
0.073735
0.074140
0.074493
0.074791
0.075031
0.075209
0.075324
0.075374
0.075355
0.075268
0.075112
0.074885
0.074589
0.074224
0.073791
0.073293
0.072730
0.072106
0.071424
0.070687
0.069899
0.069063
0.068183
0.067264
0.066309
0.065324
0.064311
0.063276
0.062221
0.061152
0.060072
0.058983
0.057891
0.056796
0.055703
0.054614
0.053531
0.052456
0.051391
0.050337
0.049297
0.048271
0.047260
0.046265
0.045287
0.044326
0.043382
0.042456
0.041549
0.040659
0.039787
0.038934
0.038098
0.037280
0.036479
0.035695
0.034928
0.034178
0.033443
0.032725
0.032022
0.031333
0.030660
0.030000
0.029355
0.028723
0.028105
0.027499
0.026906
0.026325
0.025756
0.025198
0.024652
0.024116
0.023592
0.023078
0.022574
0.022080
0.021596
0.021121
0.020655
0.020199
0.019752
0.019313
0.018883
0.018461
0.018047
0.017642
0.017244
0.016854
0.016472
0.016097
0.015729
0.015369
0.015015
0.014669
0.014329
0.013996
0.013670
0.013351
0.013037
0.012730
0.012429