0.003127
0.003222
0.003320
0.003422
0.003528
0.003637
0.003750
0.003867
0.003988
0.004114
0.004244
0.004379
0.004519
0.004665
0.004815
0.004972
0.005134
0.005302
0.005477
0.005659
0.005847
0.006043
0.006246
0.006458
0.006677
0.006906
0.007144
0.007391
0.007649
0.007917
0.008196
0.008487
0.008790
0.009105
0.009435
0.009778
0.010136
0.010510
0.010900
0.011307
0.011733
0.012177
0.012641
0.013126
0.013634
0.014164
0.014719
0.015299
0.015905
0.016540
0.017204
0.017899
0.018626
0.019387
0.020183
0.021016
0.021887
0.022797
0.023750
0.024746
0.025786
0.026874
0.028009
0.029194
0.030431
0.031720
0.033064
0.034464
0.035920
0.037434
0.039008
0.040641
0.042335
0.044089
0.045904
0.047781
0.049717
0.051713
0.053768
0.055879
0.058046
0.060266
0.062535
0.064852
0.067211
0.069610
0.072043
0.074505
0.076990
0.079493
0.082007
0.084524
0.087038
0.089540
0.092021
0.094475
0.096891
0.099261
0.101575
0.103824
0.106000
0.108092
0.110092
0.111990
0.113779
0.115450
0.116994
0.118406
0.119678
0.120803
0.121776
0.122593
0.123250
0.123743
0.124069
0.124228
0.124219
0.124041
0.123696
0.123185
0.122511
0.121678
0.120689
0.119550
0.118266
0.116844
0.115289
0.113609
0.111812
0.109906
0.107898
0.105798
0.103615
0.101356
0.099031
0.096650
0.094219
0.091749
0.089248
0.086723
0.084184
0.081637
0.079091
0.076551
0.074025
0.071519
0.069038
0.066589
0.064175
0.061802
0.059473
0.057192
0.054963
0.052787
0.050668
0.048607
0.046605
0.044665
0.042787
0.040971
0.039218
0.037528
0.035901
0.034336
0.032832
0.031389
0.030006
0.028681
0.027413
0.026201
0.025044
0.023939
0.022885
0.021881
0.020925
0.020014
0.019148
0.018325
0.017542
0.016798
0.016092
0.015422
0.014785
0.014181
0.013608
0.013064
0.012549
0.012059
0.011595
0.011155
0.010737
0.010341
0.009964
0.009607
0.009268
0.008946
0.008640
0.008349
0.008072
0.007808