0.010952
0.011310
0.011678
0.012055
0.012443
0.012840
0.013247
0.013665
0.014093
0.014532
0.014981
0.015441
0.015912
0.016394
0.016888
0.017392
0.017908
0.018435
0.018973
0.019523
0.020084
0.020657
0.021242
0.021839
0.022447
0.023067
0.023699
0.024343
0.024998
0.025665
0.026344
0.027035
0.027737
0.028451
0.029176
0.029912
0.030660
0.031420
0.032190
0.032971
0.033763
0.034565
0.035378
0.036201
0.037033
0.037876
0.038727
0.039588
0.040457
0.041335
0.042220
0.043113
0.044013
0.044920
0.045832
0.046751
0.047674
0.048601
0.049532
0.050467
0.051403
0.052341
0.053280
0.054219
0.055156
0.056092
0.057025
0.057955
0.058879
0.059798
0.060709
0.061613
0.062507
0.063391
0.064263
0.065123
0.065968
0.066797
0.067610
0.068405
0.069181
0.069936
0.070669
0.071378
0.072063
0.072722
0.073354
0.073957
0.074530
0.075072
0.075582
0.076059
0.076502
0.076909
0.077280
0.077614
0.077910
0.078168
0.078386
0.078565
0.078704
0.078803
0.078861
0.078878
0.078855
0.078791
0.078687
0.078543
0.078360
0.078138
0.077878
0.077581
0.077247
0.076877
0.076472
0.076034
0.075564
0.075061
0.074529
0.073967
0.073378
0.072762
0.072121
0.071456
0.070768
0.070058
0.069329
0.068580
0.067813
0.067030
0.066232
0.065419
0.064592
0.063754
0.062905
0.062045
0.061177
0.060300
0.059416
0.058526
0.057631
0.056730
0.055826
0.054919
0.054010
0.053099
0.052188
0.051276
0.050365
0.049454
0.048546
0.047640
0.046737
0.045837
0.044941
0.044050
0.043164
0.042283
0.041408
0.040540
0.039678
0.038823
0.037976
0.037137
0.036306
0.035484
0.034670
0.033866
0.033071
0.032285
0.031510
0.030745
0.029990
0.029245
0.028512
0.027789
0.027077
0.026377
0.025687
0.025010
0.024343
0.023689
0.023045
0.022414
0.021794
0.021187
0.020590
0.020006
0.019433
0.018873
0.018324
0.017786
0.017260
0.016746
0.016244
0.015752
0.015273
0.014804
0.014347
0.013900