0.004954
0.005076
0.005203
0.005336
0.005474
0.005618
0.005768
0.005924
0.006087
0.006256
0.006433
0.006617
0.006808
0.007008
0.007216
0.007433
0.007659
0.007894
0.008139
0.008394
0.008659
0.008936
0.009224
0.009524
0.009836
0.010160
0.010498
0.010849
0.011215
0.011595
0.011989
0.012400
0.012826
0.013269
0.013729
0.014206
0.014701
0.015215
0.015749
0.016301
0.016874
0.017468
0.018083
0.018720
0.019379
0.020062
0.020767
0.021497
0.022251
0.023031
0.023835
0.024666
0.025524
0.026408
0.027320
0.028259
0.029227
0.030223
0.031248
0.032301
0.033385
0.034497
0.035639
0.036810
0.038010
0.039239
0.040498
0.041784
0.043098
0.044439
0.045807
0.047200
0.048616
0.050056
0.051516
0.052996
0.054493
0.056005
0.057529
0.059063
0.060605
0.062149
0.063694
0.065235
0.066769
0.068292
0.069799
0.071286
0.072749
0.074183
0.075583
0.076945
0.078265
0.079538
0.080760
0.081927
0.083035
0.084081
0.085062
0.085974
0.086815
0.087583
0.088278
0.088896
0.089438
0.089904
0.090293
0.090606
0.090844
0.091007
0.091098
0.091118
0.091069
0.090953
0.090773
0.090531
0.090229
0.089871
0.089459
0.088995
0.088482
0.087924
0.087322
0.086678
0.085996
0.085278
0.084526
0.083742
0.082927
0.082085
0.081217
0.080325
0.079409
0.078473
0.077518
0.076544
0.075554
0.074549
0.073529
0.072497
0.071453
0.070399
0.069336
0.068264
0.067185
0.066100
0.065009
0.063914
0.062816
0.061715
0.060613
0.059510
0.058406
0.057304
0.056203
0.055105
0.054010
0.052918
0.051831
0.050750
0.049674
0.048605
0.047542
0.046488
0.045442
0.044405
0.043377
0.042359
0.041352
0.040355
0.039370
0.038396
0.037434
0.036485
0.035549
0.034626
0.033716
0.032820
0.031938
0.031070
0.030216
0.029378
0.028554
0.027744
0.026950
0.026171
0.025408
0.024659
0.023926
0.023208
0.022506
0.021819
0.021147
0.020491
0.019850
0.019224
0.018613
0.018018
0.017437
0.016871