0.008220
0.008497
0.008783
0.009078
0.009383
0.009698
0.010022
0.010357
0.010703
0.011059
0.011426
0.011805
0.012195
0.012597
0.013011
0.013437
0.013876
0.014328
0.014793
0.015272
0.015764
0.016270
0.016790
0.017325
0.017874
0.018438
0.019017
0.019611
0.020221
0.020846
0.021488
0.022145
0.022818
0.023507
0.024213
0.024935
0.025674
0.026429
0.027201
0.027989
0.028795
0.029616
0.030454
0.031309
0.032180
0.033067
0.033970
0.034889
0.035823
0.036772
0.037736
0.038715
0.039707
0.040713
0.041732
0.042763
0.043806
0.044860
0.045925
0.046998
0.048081
0.049171
0.050267
0.051369
0.052476
0.053585
0.054697
0.055809
0.056920
0.058029
0.059134
0.060233
0.061325
0.062408
0.063480
0.064540
0.065584
0.066612
0.067620
0.068608
0.069573
0.070512
0.071424
0.072306
0.073155
0.073971
0.074750
0.075490
0.076190
0.076846
0.077458
0.078022
0.078538
0.079003
0.079416
0.079775
0.080080
0.080329
0.080521
0.080656
0.080732
0.080751
0.080711
0.080613
0.080458
0.080246
0.079978
0.079655
0.079279
0.078851
0.078372
0.077846
0.077273
0.076656
0.075998
0.075300
0.074565
0.073796
0.072995
0.072164
0.071307
0.070426
0.069523
0.068602
0.067663
0.066710
0.065745
0.064769
0.063786
0.062797
0.061804
0.060809
0.059813
0.058818
0.057825
0.056836
0.055852
0.054874
0.053903
0.052940
0.051986
0.051042
0.050109
0.049186
0.048275
0.047376
0.046489
0.045616
0.044755
0.043908
0.043074
0.042254
0.041448
0.040657
0.039879
0.039115
0.038365
0.037629
0.036907
0.036199
0.035504
0.034824
0.034156
0.033502
0.032862
0.032234
0.031619
0.031017
0.030427
0.029849
0.029284
0.028730
0.028188
0.027657
0.027138
0.026629
0.026131
0.025644
0.025167
0.024700
0.024242
0.023795
0.023356
0.022927
0.022507
0.022095
0.021692
0.021298
0.020911
0.020533
0.020162
0.019799
0.019443
0.019094
0.018752
0.018417
0.018089
0.017767
0.017452
0.017142