0.008659
0.008851
0.009048
0.009251
0.009460
0.009675
0.009896
0.010124
0.010359
0.010601
0.010851
0.011108
0.011374
0.011647
0.011930
0.012221
0.012521
0.012832
0.013152
0.013482
0.013824
0.014176
0.014540
0.014916
0.015304
0.015705
0.016120
0.016548
0.016991
0.017449
0.017922
0.018410
0.018915
0.019437
0.019977
0.020535
0.021111
0.021707
0.022322
0.022958
0.023615
0.024294
0.024995
0.025719
0.026466
0.027238
0.028035
0.028857
0.029705
0.030579
0.031480
0.032409
0.033366
0.034352
0.035366
0.036410
0.037484
0.038587
0.039720
0.040883
0.042077
0.043301
0.044554
0.045837
0.047150
0.048491
0.049861
0.051257
0.052680
0.054128
0.055599
0.057093
0.058607
0.060139
0.061687
0.063249
0.064822
0.066402
0.067987
0.069573
0.071156
0.072732
0.074297
0.075847
0.077375
0.078879
0.080352
0.081789
0.083185
0.084533
0.085830
0.087069
0.088244
0.089351
0.090384
0.091338
0.092208
0.092991
0.093681
0.094275
0.094771
0.095165
0.095455
0.095640
0.095719
0.095691
0.095556
0.095315
0.094970
0.094523
0.093975
0.093331
0.092593
0.091766
0.090853
0.089859
0.088790
0.087650
0.086445
0.085181
0.083862
0.082494
0.081083
0.079635
0.078154
0.076646
0.075115
0.073568
0.072008
0.070440
0.068867
0.067294
0.065725
0.064162
0.062609
0.061068
0.059543
0.058034
0.056546
0.055078
0.053634
0.052214
0.050819
0.049451
0.048110
0.046798
0.045514
0.044259
0.043033
0.041838
0.040672
0.039535
0.038429
0.037351
0.036303
0.035284
0.034294
0.033332
0.032398
0.031491
0.030611
0.029757
0.028929
0.028126
0.027348
0.026595
0.025864
0.025157
0.024472
0.023808
0.023166
0.022544
0.021942
0.021359
0.020795
0.020250
0.019721
0.019210
0.018715
0.018237
0.017773
0.017325
0.016891
0.016470
0.016064
0.015670
0.015289
0.014919
0.014562
0.014216
0.013880
0.013555
0.013240
0.012935
0.012639
0.012353
0.012075
0.011805
0.011543
0.011290