0.007655
0.007945
0.008246
0.008559
0.008883
0.009220
0.009570
0.009933
0.010309
0.010699
0.011104
0.011524
0.011958
0.012409
0.012876
0.013359
0.013860
0.014378
0.014914
0.015468
0.016042
0.016635
0.017248
0.017881
0.018535
0.019210
0.019907
0.020627
0.021368
0.022133
0.022921
0.023733
0.024569
0.025429
0.026314
0.027225
0.028160
0.029121
0.030108
0.031121
0.032160
0.033226
0.034317
0.035435
0.036579
0.037749
0.038946
0.040168
0.041416
0.042690
0.043988
0.045311
0.046658
0.048029
0.049423
0.050839
0.052277
0.053735
0.055213
0.056710
0.058224
0.059755
0.061301
0.062861
0.064433
0.066016
0.067608
0.069207
0.070811
0.072418
0.074026
0.075633
0.077237
0.078834
0.080421
0.081998
0.083559
0.085102
0.086624
0.088121
0.089590
0.091028
0.092429
0.093791
0.095110
0.096380
0.097599
0.098762
0.099865
0.100903
0.101872
0.102768
0.103586
0.104324
0.104977
0.105540
0.106012
0.106388
0.106665
0.106842
0.106915
0.106882
0.106743
0.106497
0.106142
0.105679
0.105108
0.104430
0.103646
0.102759
0.101772
0.100686
0.099505
0.098234
0.096876
0.095436
0.093919
0.092330
0.090675
0.088959
0.087188
0.085367
0.083504
0.081603
0.079671
0.077713
0.075736
0.073744
0.071743
0.069739
0.067736
0.065738
0.063751
0.061778
0.059824
0.057891
0.055984
0.054105
0.052256
0.050441
0.048661
0.046918
0.045214
0.043550
0.041928
0.040347
0.038810
0.037316
0.035865
0.034459
0.033096
0.031778
0.030502
0.029270
0.028080
0.026933
0.025826
0.024761
0.023735
0.022748
0.021799
0.020888
0.020012
0.019172
0.018366
0.017594
0.016853
0.016144
0.015464
0.014814
0.014192
0.013597
0.013028
0.012485
0.011965
0.011469
0.010995
0.010542
0.010110
0.009698
0.009304
0.008929
0.008570
0.008229
0.007903
0.007592
0.007296
0.007013
0.006744
0.006487
0.006242
0.006008
0.005786
0.005573
0.005371
0.005178
0.004993
0.004818
0.004650
0.004490