0.001841
0.001924
0.002009
0.002096
0.002185
0.002277
0.002373
0.002471
0.002574
0.002681
0.002792
0.002909
0.003032
0.003162
0.003299
0.003445
0.003600
0.003766
0.003944
0.004135
0.004341
0.004562
0.004801
0.005060
0.005339
0.005641
0.005968
0.006322
0.006704
0.007118
0.007566
0.008049
0.008571
0.009133
0.009739
0.010390
0.011090
0.011840
0.012644
0.013503
0.014421
0.015400
0.016441
0.017548
0.018723
0.019967
0.021283
0.022671
0.024135
0.025674
0.027291
0.028985
0.030759
0.032611
0.034542
0.036552
0.038640
0.040806
0.043047
0.045362
0.047749
0.050206
0.052730
0.055317
0.057964
0.060666
0.063419
0.066219
0.069059
0.071934
0.074839
0.077766
0.080708
0.083660
0.086612
0.089558
0.092490
0.095399
0.098277
0.101116
0.103908
0.106643
0.109313
0.111910
0.114425
0.116850
0.119176
0.121396
0.123502
0.125486
0.127342
0.129062
0.130642
0.132073
0.133353
0.134475
0.135436
0.136231
0.136859
0.137317
0.137602
0.137714
0.137653
0.137418
0.137011
0.136434
0.135688
0.134776
0.133701
0.132469
0.131083
0.129548
0.127870
0.126056
0.124111
0.122043
0.119859
0.117566
0.115173
0.112687
0.110116
0.107470
0.104756
0.101983
0.099159
0.096293
0.093393
0.090468
0.087525
0.084573
0.081619
0.078671
0.075735
0.072819
0.069929
0.067071
0.064251
0.061474
0.058746
0.056071
0.053452
0.050895
0.048402
0.045976
0.043621
0.041337
0.039127
0.036993
0.034935
0.032955
0.031052
0.029227
0.027480
0.025809
0.024215
0.022697
0.021253
0.019882
0.018582
0.017352
0.016190
0.015094
0.014062
0.013092
0.012181
0.011327
0.010529
0.009782
0.009087
0.008439
0.007836
0.007277
0.006759
0.006279
0.005836
0.005428
0.005051
0.004705
0.004387
0.004096
0.003829
0.003585
0.003363
0.003159
0.002974
0.002806
0.002653
0.002514
0.002388
0.002274
0.002170
0.002076
0.001991
0.001914
0.001843
0.001779
0.001721
0.001668
0.001620
0.001575