0.001630
0.001702
0.001777
0.001854
0.001934
0.002018
0.002105
0.002196
0.002292
0.002392
0.002499
0.002612
0.002731
0.002859
0.002996
0.003142
0.003298
0.003467
0.003649
0.003845
0.004056
0.004285
0.004533
0.004801
0.005091
0.005405
0.005745
0.006113
0.006510
0.006940
0.007404
0.007904
0.008443
0.009023
0.009647
0.010317
0.011035
0.011804
0.012627
0.013505
0.014441
0.015438
0.016497
0.017621
0.018812
0.020072
0.021402
0.022805
0.024282
0.025833
0.027461
0.029166
0.030948
0.032807
0.034745
0.036760
0.038852
0.041020
0.043262
0.045578
0.047963
0.050418
0.052937
0.055519
0.058159
0.060854
0.063599
0.066388
0.069217
0.072081
0.074972
0.077885
0.080813
0.083748
0.086684
0.089613
0.092528
0.095419
0.098279
0.101099
0.103871
0.106587
0.109238
0.111816
0.114312
0.116718
0.119026
0.121227
0.123316
0.125283
0.127122
0.128827
0.130392
0.131810
0.133076
0.134186
0.135136
0.135922
0.136542
0.136992
0.137271
0.137378
0.137313
0.137076
0.136668
0.136090
0.135345
0.134435
0.133365
0.132137
0.130756
0.129228
0.127558
0.125752
0.123817
0.121759
0.119586
0.117305
0.114924
0.112451
0.109894
0.107262
0.104562
0.101804
0.098995
0.096144
0.093260
0.090351
0.087424
0.084487
0.081549
0.078616
0.075696
0.072795
0.069920
0.067076
0.064271
0.061508
0.058793
0.056131
0.053525
0.050980
0.048499
0.046085
0.043740
0.041467
0.039267
0.037142
0.035093
0.033120
0.031225
0.029407
0.027666
0.026002
0.024413
0.022900
0.021460
0.020093
0.018797
0.017570
0.016411
0.015317
0.014287
0.013318
0.012409
0.011556
0.010758
0.010012
0.009316
0.008668
0.008065
0.007505
0.006986
0.006505
0.006061
0.005651
0.005273
0.004925
0.004606
0.004313
0.004044
0.003798
0.003573
0.003367
0.003180
0.003009
0.002854
0.002713
0.002584
0.002467
0.002361
0.002264
0.002177
0.002097
0.002024
0.001957
0.001896
0.001840
0.001789
0.001742