0.005980
0.006114
0.006251
0.006393
0.006540
0.006690
0.006846
0.007007
0.007173
0.007345
0.007523
0.007707
0.007897
0.008094
0.008297
0.008509
0.008728
0.008955
0.009191
0.009436
0.009690
0.009955
0.010230
0.010516
0.010813
0.011123
0.011446
0.011782
0.012132
0.012498
0.012879
0.013277
0.013692
0.014126
0.014580
0.015053
0.015548
0.016066
0.016607
0.017173
0.017766
0.018385
0.019034
0.019712
0.020421
0.021164
0.021940
0.022753
0.023602
0.024490
0.025419
0.026388
0.027401
0.028458
0.029561
0.030710
0.031907
0.033154
0.034450
0.035797
0.037195
0.038644
0.040144
0.041696
0.043298
0.044950
0.046650
0.048396
0.050188
0.052021
0.053893
0.055800
0.057739
0.059705
0.061692
0.063695
0.065709
0.067726
0.069739
0.071741
0.073723
0.075679
0.077598
0.079473
0.081295
0.083055
0.084744
0.086352
0.087873
0.089298
0.090619
0.091829
0.092922
0.093891
0.094732
0.095441
0.096013
0.096448
0.096743
0.096898
0.096914
0.096792
0.096534
0.096144
0.095626
0.094985
0.094227
0.093357
0.092384
0.091313
0.090153
0.088911
0.087596
0.086215
0.084777
0.083290
0.081762
0.080200
0.078611
0.077003
0.075382
0.073755
0.072127
0.070504
0.068890
0.067291
0.065709
0.064149
0.062614
0.061107
0.059628
0.058182
0.056768
0.055389
0.054045
0.052737
0.051466
0.050230
0.049031
0.047868
0.046741
0.045649
0.044592
0.043569
0.042579
0.041622
0.040695
0.039800
0.038934
0.038096
0.037286
0.036503
0.035746
0.035013
0.034304
0.033618
0.032954
0.032311
0.031688
0.031085
0.030500
0.029933
0.029383
0.028850
0.028333
0.027830
0.027342
0.026868
0.026408
0.025960
0.025524
0.025100
0.024688
0.024286
0.023894
0.023513
0.023142
0.022779
0.022426
0.022081
0.021744
0.021415
0.021094
0.020780
0.020473
0.020173
0.019880
0.019593
0.019312
0.019037
0.018768
0.018504
0.018246
0.017992
0.017744
0.017500
0.017261
0.017027
0.016797
0.016571