0.002292
0.002391
0.002493
0.002596
0.002701
0.002809
0.002919
0.003032
0.003147
0.003266
0.003390
0.003517
0.003649
0.003787
0.003932
0.004084
0.004244
0.004413
0.004593
0.004784
0.004989
0.005208
0.005443
0.005696
0.005968
0.006262
0.006579
0.006921
0.007291
0.007691
0.008123
0.008589
0.009092
0.009635
0.010220
0.010849
0.011525
0.012251
0.013030
0.013863
0.014755
0.015706
0.016719
0.017798
0.018943
0.020158
0.021444
0.022803
0.024237
0.025746
0.027334
0.029000
0.030745
0.032569
0.034474
0.036458
0.038522
0.040664
0.042883
0.045178
0.047547
0.049988
0.052497
0.055072
0.057708
0.060403
0.063152
0.065949
0.068789
0.071668
0.074578
0.077513
0.080466
0.083431
0.086399
0.089364
0.092315
0.095247
0.098149
0.101013
0.103830
0.106593
0.109290
0.111915
0.114457
0.116908
0.119261
0.121505
0.123634
0.125639
0.127513
0.129250
0.130842
0.132285
0.133571
0.134697
0.135657
0.136450
0.137070
0.137517
0.137788
0.137883
0.137801
0.137542
0.137109
0.136502
0.135724
0.134778
0.133668
0.132399
0.130975
0.129402
0.127685
0.125832
0.123849
0.121743
0.119522
0.117194
0.114766
0.112248
0.109647
0.106973
0.104233
0.101436
0.098592
0.095708
0.092793
0.089855
0.086902
0.083943
0.080984
0.078033
0.075098
0.072184
0.069298
0.066446
0.063635
0.060868
0.058151
0.055489
0.052884
0.050342
0.047865
0.045456
0.043118
0.040852
0.038661
0.036545
0.034506
0.032543
0.030659
0.028852
0.027122
0.025469
0.023892
0.022390
0.020962
0.019606
0.018321
0.017106
0.015957
0.014874
0.013854
0.012895
0.011995
0.011151
0.010362
0.009625
0.008937
0.008297
0.007702
0.007149
0.006637
0.006163
0.005725
0.005321
0.004949
0.004607
0.004293
0.004004
0.003741
0.003499
0.003279
0.003078
0.002895
0.002728
0.002577
0.002439
0.002314
0.002201
0.002098
0.002005
0.001921
0.001844
0.001775
0.001711
0.001654
0.001601
0.001553
0.001509