0.001685
0.001764
0.001847
0.001931
0.002019
0.002109
0.002204
0.002301
0.002403
0.002510
0.002622
0.002739
0.002863
0.002994
0.003133
0.003280
0.003438
0.003606
0.003787
0.003980
0.004189
0.004413
0.004655
0.004917
0.005199
0.005505
0.005835
0.006192
0.006577
0.006994
0.007444
0.007930
0.008454
0.009018
0.009625
0.010277
0.010977
0.011728
0.012531
0.013390
0.014307
0.015284
0.016323
0.017428
0.018600
0.019840
0.021152
0.022537
0.023996
0.025530
0.027142
0.028831
0.030599
0.032447
0.034373
0.036378
0.038461
0.040622
0.042860
0.045172
0.047557
0.050013
0.052537
0.055125
0.057774
0.060481
0.063241
0.066048
0.068899
0.071786
0.074706
0.077650
0.080612
0.083586
0.086564
0.089538
0.092501
0.095443
0.098358
0.101236
0.104069
0.106847
0.109563
0.112208
0.114772
0.117247
0.119624
0.121896
0.124053
0.126089
0.127995
0.129765
0.131391
0.132868
0.134190
0.135351
0.136348
0.137175
0.137830
0.138310
0.138613
0.138737
0.138683
0.138450
0.138039
0.137452
0.136690
0.135758
0.134658
0.133395
0.131974
0.130399
0.128679
0.126817
0.124823
0.122703
0.120464
0.118116
0.115666
0.113122
0.110495
0.107791
0.105021
0.102193
0.099316
0.096399
0.093451
0.090480
0.087493
0.084501
0.081509
0.078527
0.075560
0.072616
0.069701
0.066821
0.063982
0.061190
0.058449
0.055763
0.053137
0.050575
0.048079
0.045652
0.043297
0.041015
0.038809
0.036680
0.034628
0.032655
0.030759
0.028942
0.027204
0.025542
0.023958
0.022449
0.021014
0.019652
0.018362
0.017141
0.015987
0.014900
0.013876
0.012913
0.012009
0.011162
0.010370
0.009630
0.008940
0.008297
0.007700
0.007145
0.006631
0.006155
0.005716
0.005310
0.004936
0.004593
0.004277
0.003988
0.003723
0.003480
0.003259
0.003057
0.002873
0.002706
0.002553
0.002415
0.002290
0.002176
0.002072
0.001979
0.001894
0.001817
0.001747
0.001684
0.001626
0.001573
0.001525
0.001481