0.008577
0.008721
0.008870
0.009023
0.009180
0.009341
0.009508
0.009679
0.009856
0.010038
0.010225
0.010419
0.010619
0.010826
0.011039
0.011260
0.011488
0.011724
0.011969
0.012222
0.012484
0.012756
0.013037
0.013329
0.013632
0.013946
0.014272
0.014611
0.014962
0.015327
0.015706
0.016100
0.016510
0.016935
0.017378
0.017838
0.018316
0.018813
0.019329
0.019867
0.020425
0.021006
0.021609
0.022236
0.022888
0.023565
0.024268
0.024999
0.025757
0.026544
0.027360
0.028207
0.029085
0.029995
0.030937
0.031912
0.032921
0.033964
0.035041
0.036154
0.037302
0.038485
0.039703
0.040957
0.042246
0.043569
0.044926
0.046316
0.047738
0.049191
0.050674
0.052184
0.053720
0.055280
0.056860
0.058459
0.060072
0.061698
0.063331
0.064969
0.066606
0.068239
0.069862
0.071470
0.073058
0.074621
0.076153
0.077647
0.079099
0.080501
0.081849
0.083135
0.084353
0.085499
0.086565
0.087547
0.088440
0.089238
0.089936
0.090531
0.091020
0.091398
0.091663
0.091813
0.091847
0.091764
0.091563
0.091246
0.090814
0.090267
0.089609
0.088842
0.087971
0.086999
0.085931
0.084773
0.083528
0.082205
0.080808
0.079344
0.077820
0.076242
0.074617
0.072953
0.071256
0.069532
0.067788
0.066030
0.064265
0.062498
0.060736
0.058982
0.057242
0.055521
0.053822
0.052150
0.050508
0.048898
0.047324
0.045788
0.044292
0.042836
0.041424
0.040055
0.038731
0.037451
0.036216
0.035026
0.033881
0.032780
0.031722
0.030708
0.029737
0.028806
0.027916
0.027065
0.026252
0.025476
0.024735
0.024029
0.023356
0.022715
0.022104
0.021523
0.020970
0.020444
0.019943
0.019467
0.019014
0.018584
0.018174
0.017785
0.017415
0.017063
0.016728
0.016409
0.016106
0.015817
0.015543
0.015281
0.015032
0.014794
0.014568
0.014352
0.014145
0.013948
0.013760
0.013581
0.013409
0.013244
0.013087
0.012936
0.012791
0.012652
0.012518
0.012390
0.012267
0.012148
0.012034
0.011923