0.002794
0.002922
0.003058
0.003202
0.003354
0.003515
0.003685
0.003865
0.004056
0.004258
0.004471
0.004696
0.004935
0.005187
0.005453
0.005734
0.006032
0.006346
0.006677
0.007027
0.007395
0.007784
0.008195
0.008627
0.009082
0.009560
0.010064
0.010594
0.011151
0.011736
0.012350
0.012994
0.013670
0.014377
0.015118
0.015894
0.016705
0.017552
0.018436
0.019359
0.020321
0.021323
0.022366
0.023450
0.024577
0.025746
0.026959
0.028216
0.029517
0.030863
0.032253
0.033689
0.035168
0.036693
0.038261
0.039874
0.041529
0.043227
0.044966
0.046745
0.048564
0.050420
0.052313
0.054240
0.056199
0.058189
0.060206
0.062249
0.064314
0.066400
0.068502
0.070617
0.072742
0.074874
0.077007
0.079139
0.081266
0.083381
0.085483
0.087564
0.089621
0.091649
0.093643
0.095597
0.097507
0.099367
0.101171
0.102915
0.104594
0.106201
0.107732
0.109182
0.110545
0.111818
0.112995
0.114072
0.115045
0.115910
0.116664
0.117303
0.117826
0.118229
0.118510
0.118669
0.118703
0.118613
0.118398
0.118059
0.117597
0.117013
0.116308
0.115486
0.114548
0.113498
0.112339
0.111076
0.109713
0.108253
0.106703
0.105067
0.103350
0.101559
0.099698
0.097773
0.095791
0.093758
0.091678
0.089559
0.087405
0.085223
0.083018
0.080797
0.078563
0.076323
0.074082
0.071843
0.069613
0.067395
0.065193
0.063012
0.060855
0.058725
0.056625
0.054559
0.052529
0.050537
0.048586
0.046677
0.044812
0.042993
0.041221
0.039496
0.037819
0.036192
0.034614
0.033086
0.031608
0.030180
0.028801
0.027472
0.026191
0.024958
0.023773
0.022635
0.021542
0.020495
0.019491
0.018530
0.017612
0.016734
0.015895
0.015095
0.014332
0.013605
0.012913
0.012254
0.011628
0.011032
0.010467
0.009930
0.009421
0.008937
0.008480
0.008046
0.007635
0.007246
0.006878
0.006530
0.006201
0.005890
0.005596
0.005319
0.005057
0.004809
0.004575
0.004355
0.004146
0.003950
0.003764
0.003590