-10.000000
-9.899497
-9.798995
-9.698492
-9.597990
-9.497487
-9.396985
-9.296482
-9.195980
-9.095477
-8.994975
-8.894472
-8.793970
-8.693467
-8.592965
-8.492462
-8.391960
-8.291457
-8.190955
-8.090452
-7.989950
-7.889447
-7.788945
-7.688442
-7.587940
-7.487437
-7.386935
-7.286432
-7.185930
-7.085427
-6.984925
-6.884422
-6.783920
-6.683417
-6.582915
-6.482412
-6.381910
-6.281407
-6.180905
-6.080402
-5.979899
-5.879397
-5.778894
-5.678392
-5.577889
-5.477387
-5.376884
-5.276382
-5.175879
-5.075377
-4.974874
-4.874372
-4.773869
-4.673367
-4.572864
-4.472362
-4.371859
-4.271357
-4.170854
-4.070352
-3.969849
-3.869347
-3.768844
-3.668342
-3.567839
-3.467337
-3.366834
-3.266332
-3.165829
-3.065327
-2.964824
-2.864322
-2.763819
-2.663317
-2.562814
-2.462312
-2.361809
-2.261307
-2.160804
-2.060302
-1.959799
-1.859296
-1.758794
-1.658291
-1.557789
-1.457286
-1.356784
-1.256281
-1.155779
-1.055276
-0.954774
-0.854271
-0.753769
-0.653266
-0.552764
-0.452261
-0.351759
-0.251256
-0.150754
-0.050251
0.050251
0.150754
0.251256
0.351759
0.452261
0.552764
0.653266
0.753769
0.854271
0.954774
1.055276
1.155779
1.256281
1.356784
1.457286
1.557789
1.658291
1.758794
1.859296
1.959799
2.060302
2.160804
2.261307
2.361809
2.462312
2.562814
2.663317
2.763819
2.864322
2.964824
3.065327
3.165829
3.266332
3.366834
3.467337
3.567839
3.668342
3.768844
3.869347
3.969849
4.070352
4.170854
4.271357
4.371859
4.472362
4.572864
4.673367
4.773869
4.874372
4.974874
5.075377
5.175879
5.276382
5.376884
5.477387
5.577889
5.678392
5.778894
5.879397
5.979899
6.080402
6.180905
6.281407
6.381910
6.482412
6.582915
6.683417
6.783920
6.884422
6.984925
7.085427
7.185930
7.286432
7.386935
7.487437
7.587940
7.688442
7.788945
7.889447
7.989950
8.090452
8.190955
8.291457
8.391960
8.492462
8.592965
8.693467
8.793970
8.894472
8.994975
9.095477
9.195980
9.296482
9.396985
9.497487
9.597990
9.698492
9.798995
9.899497
10.000000